# Created by Octave 4.4.0, Wed Aug 29 01:50:11 2018 GMT <unknown@DELL-PC>
# name: CC
# type: matrix
# rows: 6
# columns: 41
 0.70693885206364726 1.2257303098010295 42.122832108380251 5.9984461488716061 -0.0043599800657299955 0.0074536253807603731 1.8943834059719048e-005 0.15196168112332648 0.0001476050970531584 0.61408628289625189 0.00073355039901712459 0.082999433035092302 0.037705335871232835 0.00077033738169795011 0.00037818869955211156 0.043629896185668871 0.022466862600638255 0.00082247714904559472 0.0013548943669002005 0 0.00014998084755025675 0.026523614506973624 17.755426429599989 6.9082654609727596 0.22215126224543921 0.22226724338058718 0.37383592395073317 0.37580504150402277 0.66919679642956753 0.17732871100554076 0.012424200919474928 245.14959768191557 18.7552217528463 0.07829036597959943 0.35721659488151047 0.43773328153812685 0.0034538804952848902 0.2373696508240766 0.2243348733955019 0.36232807126261896 0.37407103937998304
 -0.1460704662449728 1.0237423351351631 40.448973932947112 4.3558381717236072 -0.0089796494814184218 -0.0053208996708963736 1.2009659559410515e-005 0.057223861389027159 2.6084115747891663e-006 0.035441670968036382 8.2587558638471583e-005 0.010721937363254316 0.017384368544202642 7.9551554289605084e-005 9.5116465769792054e-005 0.019288619502933094 0.00071780006637675088 2.3876142744470869e-005 0.00034753077722895755 0 3.8849552772252487e-007 0.0013182791146037402 133.82801231114544 13.635858451098224 0.7279045623803001 0.71992879644920926 0.22557757824648994 0.22658447424276226 0.12161225245002985 0.10671054430820101 0.0033373157332764677 251.0021122491647 16.123779707700074 0.065679280992844008 0.1031692311586781 0.029324879757850416 0.0014674705602500053 0.71922698618026426 0.71999117882965369 0.21541710001915926 0.22624646519168007
 -0.15023515719052402 0.037588376047247254 15.414531187033937 8.9459625142026002 -0.01161674051253489 -0.0076890668831033548 9.2753107385301858e-007 0.00021361368919335254 1.6185213704689506e-007 0.00049269909160053139 3.2820018297982479e-006 0.00098473885811652183 0.024577223183495915 3.9507667292862744e-005 7.427453792165202e-005 0.027459826781209024 1.5472735022245715e-005 8.4822726355134528e-007 0.00018267265297238795 0 2.005769795796358e-009 1.665961133923785e-005 490.84456837472175 487.42153841976943 0.0011111609865731363 0.00072163680241351812 0.0062217624306119329 0.0064570241834307268 0.99275641620060451 0.0069133768541202933 0.00040339612002443178 237.06736152768579 143.02501307129401 0.61285482553301651 0.055361615732734071 0.60564573264899291 0.00018722339819895941 0.016951204302260325 0.00071484198794507733 0.03144028384826484 0.0064544937439974474
 -0.14734831828646083 1.0428884434591663 24.432303770241159 8.7230390037037964 -0.0095365750246874294 -0.0060534978626205285 1.2347212012322754e-005 0.017556243728464611 2.2476334553794646e-006 0.30349642633125912 7.1212982801988496e-005 0.78306729645287387 0.12668152448098011 0.0014366549929237988 0.00013244341923798343 0.031456824323749799 0.0011656685582487755 1.8087368946380034e-005 0.0058942383223255426 0 8.0253438051623705e-008 0.0031010512387284182 18.712557296183519 21.396350327176254 0.016214715785532179 0.015429524970337985 0.030429010997377104 0.040604758147147577 0.98585027972812034 0.0091954962665858082 0.12043230883290514 212.91473123287204 240.86679528151382 0.963329334096657 0.0092978315343091224 0.10828862704702183 0.014349288652955046 0.0062525074482666018 0.004620476179881804 0.021885205854381209 0.021050948202312247
 -0.12452101573832916 0.46734303753913303 21.131234545948352 8.297092525778087 0.006391698259045309 -0.0055741900276178669 0.0020588046907311754 0.024390177116354963 0.00033591659636292184 0.20457690801173725 0.0076663670869061666 0.26616110539560189 0.084996536470680242 0.0028646355718499545 0.00031580110206155435 0.050856398145072833 0.011575770289603514 0.0010060504809742067 0.0018400961705851591 0 3.4471747959812917e-008 0.0042413269026354483 4.3196397425891968 14.997741598001101 0.032729301977273036 0.032632003678568611 0.082434353481228295 0.083829602867630942 0.98211973533430297 0.011459986881296211 0.51517290547342498 17.897491498900536 75.460671149744925 0.87120533091740682 0.074452249540955001 0.72018617624264591 0.30976152394370671 0.030223768406330804 0.02542179305634899 0.079756921288293522 0.081360776112532313
 -0.14991706563370796 1.0003205141747604 37.057165316546595 4.0380260659538045 -0.011336806261018682 -0.0072843009222632732 4.0022159824137783e-006 0.0036861876410989878 6.8405200815536397e-007 0.0038673328314293549 1.721651442606452e-005 0.0030504223630212273 0.012314190564123655 3.2400866489290612e-005 4.6374890612498802e-005 0.013684530037929313 0.00010180744474809721 4.2990821974716641e-006 0.00010431731908274478 0 2.2807826441225519e-008 0.00013610020504881051 268.91849107703149 12.228908264593082 0.72098865773998455 0.71538976080490579 0.26427939759283514 0.26913757691226209 0.052287736759354504 0.16645139547412172 0.001626983206379236 253.47285165781827 12.572889868883799 0.049867904682108874 0.17337393532707054 0.027101845255744366 0.00049110470847327291 0.72081590407646012 0.71660347307792183 0.26329047845248355 0.26908397659515337


