# Created by Octave 4.4.0, Wed Aug 29 02:19:30 2018 GMT <unknown@DELL-PC>
# name: Ofn
# type: matrix
# rows: 1
# columns: 47
 463894490.88427114 325143361.07328635 312834222.70017737 299639853.44188178 279210242.11066914 253929667.45427647 223804511.55352932 199861427.31433976 185911341.51954579 172993139.37973076 166351034.14919671 164876703.52321473 164577925.3700045 164488153.01762342 164456837.27598247 164445211.24452794 164440710.04479855 164438907.89234155 164438165.53137162 164437852.06749716 164437716.81691769 164437657.36135408 164437630.80769888 164437618.7910895 164437613.29422513 164437610.75792989 164437609.5796431 164437609.02931961 164437608.77122155 164437608.64979428 164437608.59252828 164437608.56547034 164437608.55266997 164437608.54660419 164437608.54372987 164437608.54236698 164437608.54172248 164437608.54141551 164437608.54126933 164437608.54119971 164437608.54116595 164437608.54115075 164437608.54114276 164437608.54114127 164437608.54113907 164437608.54113701 164437608.54113659


